/*--------------------------------*- C++ -*----------------------------------*\
| =========                 |                                                 |
| \\      /  C hin's        | Made with: Chin's BlockMeshAuto                 |
|  \\    /   H andy         |                                                 |
|   \\  /    I nterface &   | Project:  {project_name}  |
|    \\/     N avigation    |                                                 |
\*---------------------------------------------------------------------------*/
FoamFile
{
    version     2.0;
    format      ascii;
    class       dictionary;
    object      blockMeshDict;
}
// * * * * * * * * * * * * * * * * * * * * * * * * * * * * * * * * * * * * * //

scale   1.0;

vertices
(
    ( 0.000000 0.000000 0.000000 )  // point 0
    ( 5.000000 0.000000 0.000000 )  // point 1
    ( 5.000000 4.000000 0.000000 )  // point 2
    ( 0.000000 4.000000 0.000000 )  // point 3
    ( 5.000000 5.000000 0.000000 )  // point 4
    ( 0.000000 5.000000 0.000000 )  // point 5
    ( 5.000000 10.000000 0.000000 )  // point 6
    ( 0.000000 10.000000 0.000000 )  // point 7
    ( 7.000000 0.000000 0.000000 )  // point 8
    ( 7.000000 4.000000 0.000000 )  // point 9
    ( 7.000000 5.000000 0.000000 )  // point 10
    ( 7.000000 10.000000 0.000000 )  // point 11
    ( 12.000000 0.000000 0.000000 )  // point 12
    ( 12.000000 10.000000 0.000000 )  // point 13
    ( 12.000000 4.000000 0.000000 )  // point 14
    ( 12.000000 5.000000 0.000000 )  // point 15
    ( 14.000000 0.000000 0.000000 )  // point 16
    ( 14.000000 4.000000 0.000000 )  // point 17
    ( 14.000000 5.000000 0.000000 )  // point 18
    ( 14.000000 10.000000 0.000000 )  // point 19
    ( 20.000000 0.000000 0.000000 )  // point 20
    ( 20.000000 4.000000 0.000000 )  // point 21
    ( 20.000000 5.000000 0.000000 )  // point 22
    ( 20.000000 10.000000 0.000000 )  // point 23
    ( 0.000000 0.000000 4.000000 )  // point 24
    ( 5.000000 0.000000 4.000000 )  // point 25
    ( 5.000000 4.000000 4.000000 )  // point 26
    ( 0.000000 4.000000 4.000000 )  // point 27
    ( 5.000000 5.000000 4.000000 )  // point 28
    ( 0.000000 5.000000 4.000000 )  // point 29
    ( 5.000000 10.000000 4.000000 )  // point 30
    ( 0.000000 10.000000 4.000000 )  // point 31
    ( 7.000000 0.000000 4.000000 )  // point 32
    ( 7.000000 4.000000 4.000000 )  // point 33
    ( 7.000000 5.000000 4.000000 )  // point 34
    ( 7.000000 10.000000 4.000000 )  // point 35
    ( 12.000000 0.000000 4.000000 )  // point 36
    ( 12.000000 10.000000 4.000000 )  // point 37
    ( 12.000000 4.000000 4.000000 )  // point 38
    ( 12.000000 5.000000 4.000000 )  // point 39
    ( 14.000000 0.000000 4.000000 )  // point 40
    ( 14.000000 4.000000 4.000000 )  // point 41
    ( 14.000000 5.000000 4.000000 )  // point 42
    ( 14.000000 10.000000 4.000000 )  // point 43
    ( 20.000000 0.000000 4.000000 )  // point 44
    ( 20.000000 4.000000 4.000000 )  // point 45
    ( 20.000000 5.000000 4.000000 )  // point 46
    ( 20.000000 10.000000 4.000000 )  // point 47
    ( 0.000000 0.000000 6.000000 )  // point 48
    ( 5.000000 0.000000 6.000000 )  // point 49
    ( 5.000000 4.000000 6.000000 )  // point 50
    ( 0.000000 4.000000 6.000000 )  // point 51
    ( 5.000000 5.000000 6.000000 )  // point 52
    ( 0.000000 5.000000 6.000000 )  // point 53
    ( 5.000000 10.000000 6.000000 )  // point 54
    ( 0.000000 10.000000 6.000000 )  // point 55
    ( 7.000000 0.000000 6.000000 )  // point 56
    ( 7.000000 4.000000 6.000000 )  // point 57
    ( 7.000000 5.000000 6.000000 )  // point 58
    ( 7.000000 10.000000 6.000000 )  // point 59
    ( 12.000000 0.000000 6.000000 )  // point 60
    ( 12.000000 10.000000 6.000000 )  // point 61
    ( 12.000000 4.000000 6.000000 )  // point 62
    ( 12.000000 5.000000 6.000000 )  // point 63
    ( 14.000000 0.000000 6.000000 )  // point 64
    ( 14.000000 4.000000 6.000000 )  // point 65
    ( 14.000000 5.000000 6.000000 )  // point 66
    ( 14.000000 10.000000 6.000000 )  // point 67
    ( 20.000000 0.000000 6.000000 )  // point 68
    ( 20.000000 4.000000 6.000000 )  // point 69
    ( 20.000000 5.000000 6.000000 )  // point 70
    ( 20.000000 10.000000 6.000000 )  // point 71
    ( 0.000000 0.000000 10.000000 )  // point 72
    ( 5.000000 0.000000 10.000000 )  // point 73
    ( 5.000000 4.000000 10.000000 )  // point 74
    ( 0.000000 4.000000 10.000000 )  // point 75
    ( 5.000000 5.000000 10.000000 )  // point 76
    ( 0.000000 5.000000 10.000000 )  // point 77
    ( 5.000000 10.000000 10.000000 )  // point 78
    ( 0.000000 10.000000 10.000000 )  // point 79
    ( 7.000000 0.000000 10.000000 )  // point 80
    ( 7.000000 4.000000 10.000000 )  // point 81
    ( 7.000000 5.000000 10.000000 )  // point 82
    ( 7.000000 10.000000 10.000000 )  // point 83
    ( 12.000000 0.000000 10.000000 )  // point 84
    ( 12.000000 10.000000 10.000000 )  // point 85
    ( 12.000000 4.000000 10.000000 )  // point 86
    ( 12.000000 5.000000 10.000000 )  // point 87
    ( 14.000000 0.000000 10.000000 )  // point 88
    ( 14.000000 4.000000 10.000000 )  // point 89
    ( 14.000000 5.000000 10.000000 )  // point 90
    ( 14.000000 10.000000 10.000000 )  // point 91
    ( 20.000000 0.000000 10.000000 )  // point 92
    ( 20.000000 4.000000 10.000000 )  // point 93
    ( 20.000000 5.000000 10.000000 )  // point 94
    ( 20.000000 10.000000 10.000000 )  // point 95
);

blocks
(
    hex (0 1 2 3 24 25 26 27)        (5 4 4)        simpleGrading (1.0 1.0 1.0)        // Block 0
    hex (3 2 4 5 27 26 28 29)        (5 1 4)        simpleGrading (1.0 1.0 1.0)        // Block 1
    hex (5 4 6 7 29 28 30 31)        (5 5 4)        simpleGrading (1.0 1.0 1.0)        // Block 2
    hex (1 8 9 2 25 32 33 26)        (2 4 4)        simpleGrading (1.0 1.0 1.0)        // Block 3
    hex (2 9 10 4 26 33 34 28)        (2 1 4)        simpleGrading (1.0 1.0 1.0)        // Block 4
    hex (4 10 11 6 28 34 35 30)        (2 5 4)        simpleGrading (1.0 1.0 1.0)        // Block 5
    hex (8 12 14 9 32 36 38 33)        (5 4 4)        simpleGrading (1.0 1.0 1.0)        // Block 6
    hex (9 14 15 10 33 38 39 34)        (5 1 4)        simpleGrading (1.0 1.0 1.0)        // Block 7
    hex (10 15 13 11 34 39 37 35)        (5 5 4)        simpleGrading (1.0 1.0 1.0)        // Block 8
    hex (12 16 17 14 36 40 41 38)        (2 4 4)        simpleGrading (1.0 1.0 1.0)        // Block 9
    hex (17 14 15 18 41 38 39 42)        (2 1 4)        simpleGrading (1.0 1.0 1.0)        // Block 10
    hex (15 18 19 13 39 42 43 37)        (2 5 4)        simpleGrading (1.0 1.0 1.0)        // Block 11
    hex (16 20 21 17 40 44 45 41)        (6 4 4)        simpleGrading (1.0 1.0 1.0)        // Block 12
    hex (17 21 22 18 41 45 46 42)        (6 1 4)        simpleGrading (1.0 1.0 1.0)        // Block 13
    hex (18 22 23 19 42 46 47 43)        (6 5 4)        simpleGrading (1.0 1.0 1.0)        // Block 14
    hex (24 25 26 27 48 49 50 51)        (5 4 2)        simpleGrading (1.0 1.0 1.0)        // Block 15
    hex (27 26 28 29 51 50 52 53)        (5 1 2)        simpleGrading (1.0 1.0 1.0)        // Block 16
    hex (29 28 30 31 53 52 54 55)        (5 5 2)        simpleGrading (1.0 1.0 1.0)        // Block 17
    hex (32 36 38 33 56 60 62 57)        (5 4 2)        simpleGrading (1.0 1.0 1.0)        // Block 18
    hex (33 38 39 34 57 62 63 58)        (5 1 2)        simpleGrading (1.0 1.0 1.0)        // Block 19
    hex (34 39 37 35 58 63 61 59)        (5 5 2)        simpleGrading (1.0 1.0 1.0)        // Block 20
    hex (40 44 45 41 64 68 69 65)        (6 4 2)        simpleGrading (1.0 1.0 1.0)        // Block 21
    hex (41 45 46 42 65 69 70 66)        (6 1 2)        simpleGrading (1.0 1.0 1.0)        // Block 22
    hex (42 46 47 43 66 70 71 67)        (6 5 2)        simpleGrading (1.0 1.0 1.0)        // Block 23
    hex (48 49 50 51 72 73 74 75)        (5 4 4)        simpleGrading (1.0 1.0 1.0)        // Block 24
    hex (51 50 52 53 75 74 76 77)        (5 1 4)        simpleGrading (1.0 1.0 1.0)        // Block 25
    hex (53 52 54 55 77 76 78 79)        (5 5 4)        simpleGrading (1.0 1.0 1.0)        // Block 26
    hex (49 56 57 50 73 80 81 74)        (2 4 4)        simpleGrading (1.0 1.0 1.0)        // Block 27
    hex (50 57 58 52 74 81 82 76)        (2 1 4)        simpleGrading (1.0 1.0 1.0)        // Block 28
    hex (52 58 59 54 76 82 83 78)        (2 5 4)        simpleGrading (1.0 1.0 1.0)        // Block 29
    hex (56 60 62 57 80 84 86 81)        (5 4 4)        simpleGrading (1.0 1.0 1.0)        // Block 30
    hex (57 62 63 58 81 86 87 82)        (5 1 4)        simpleGrading (1.0 1.0 1.0)        // Block 31
    hex (58 63 61 59 82 87 85 83)        (5 5 4)        simpleGrading (1.0 1.0 1.0)        // Block 32
    hex (60 64 65 62 84 88 89 86)        (2 4 4)        simpleGrading (1.0 1.0 1.0)        // Block 33
    hex (62 65 66 63 86 89 90 87)        (2 1 4)        simpleGrading (1.0 1.0 1.0)        // Block 34
    hex (63 66 67 61 87 90 91 85)        (2 5 4)        simpleGrading (1.0 1.0 1.0)        // Block 35
    hex (64 68 69 65 88 92 93 89)        (6 4 4)        simpleGrading (1.0 1.0 1.0)        // Block 36
    hex (65 69 70 66 89 93 94 90)        (6 1 4)        simpleGrading (1.0 1.0 1.0)        // Block 37
    hex (66 70 71 67 90 94 95 91)        (6 5 4)        simpleGrading (1.0 1.0 1.0)        // Block 38
);

edges
(
);

boundary
(
    airInlet
    {
        type patch;
        faces
        (
            (5 29 31 7)
            (29 53 55 31)
            (53 77 79 55)
        );
    }
    waterInlet
    {
        type patch;
        faces
        (
            (3 27 29 5)
            (27 51 53 29)
            (51 75 77 53)
        );
    }
    waterInletAsWall
    {
        type wall;
        faces
        (
            (48 72 75 51)
            (0 24 27 3)
            (24 48 51 27)
        );
    }
    waterOutletAsWall
    {
        type wall;
        faces
        (
            (44 45 69 68)
            (20 21 45 44)
            (68 69 93 92)
        );
    }
    waterOutlet
    {
        type wall;
        faces
        (
            (45 46 70 69)
            (21 22 46 45)
            (69 70 94 93)
        );
    }
    airOutlet
    {
        type patch;
        faces
        (
            (22 23 47 46)
            (70 71 95 94)
            (46 47 71 70)
        );
    }
    obstacle2
    {
        type patch;
        faces
        (
            (40 64 65 41)
            (39 42 43 37)
            (60 62 65 64)
            (41 65 66 42)
            (62 63 66 65)
            (42 66 67 43)
            (36 38 62 60)
            (63 61 67 66)
            (38 39 63 62)
            (39 37 61 63)
            (36 40 41 38)
            (41 38 39 42)
        );
    }
    obstacle1
    {
        type patch;
        faces
        (
            (49 50 57 56)
            (26 28 52 50)
            (50 52 58 57)
            (28 30 54 52)
            (28 34 35 30)
            (52 54 59 58)
            (32 56 57 33)
            (25 32 33 26)
            (33 57 58 34)
            (26 33 34 28)
            (34 58 59 35)
            (25 26 50 49)
        );
    }
    top
    {
        type wall;
        faces
        (
            (6 30 35 11)
            (59 83 85 61)
            (13 37 43 19)
            (67 91 95 71)
            (31 55 54 30)
            (43 67 71 47)
            (7 31 30 6)
            (54 78 83 59)
            (11 35 37 13)
            (61 85 91 67)
            (19 43 47 23)
            (35 59 61 37)
            (55 79 78 54)
        );
    }
    bottom
    {
        type wall;
        faces
        (
            (40 44 68 64)
            (0 1 25 24)
            (49 56 80 73)
            (8 12 36 32)
            (60 64 88 84)
            (16 20 44 40)
            (32 36 60 56)
            (48 49 73 72)
            (1 8 32 25)
            (56 60 84 80)
            (12 16 40 36)
            (64 68 92 88)
            (24 25 49 48)
        );
    }
    sideWalls
    {
        type wall;
        faces
        (
            (0 3 2 1)
            (82 87 85 83)
            (15 13 19 18)
            (3 5 4 2)
            (84 88 89 86)
            (16 17 21 20)
            (5 7 6 4)
            (86 89 90 87)
            (17 18 22 21)
            (72 73 74 75)
            (1 2 9 8)
            (87 90 91 85)
            (18 19 23 22)
            (75 74 76 77)
            (2 4 10 9)
            (88 92 93 89)
            (77 76 78 79)
            (4 6 11 10)
            (89 93 94 90)
            (73 80 81 74)
            (8 9 14 12)
            (90 94 95 91)
            (74 81 82 76)
            (9 10 15 14)
            (76 82 83 78)
            (10 11 13 15)
            (80 84 86 81)
            (12 14 17 16)
            (81 86 87 82)
            (17 18 15 14)
        );
    }
);

mergePatchPairs
(
);

// ************************************************************************* //